INTELSAT 1-F1
1 01317U 65028A   09282.94478253 -.00000298 +00000-0 +10000-3 0 00430
2 01317 005.9706 297.7005 0005248 156.4188 203.4571 01.00327160066085
INTELSAT 2-F1
1 02514U 66096A   09284.64958531  .00000214  00000-0  10000-3 0  9725
2 02514 017.2069 123.2342 6342264 225.8511 060.3704 02.00303549191475
INTELSAT 2-F2
1 02639U 67001A   09285.46039859 -.00000371  00000-0  10000-3 0  4218
2 02639 009.1621 317.2650 0015401 228.3902 131.4042 01.00202988 58190
INTELSAT 2-F3
1 02717U 67026A   09285.49067900 -.00000389  00000-0  10000-3 0  8597
2 02717 008.1905 315.7696 0024622 229.1300 130.5689 01.00190759 59167
INTELSAT 2-F4
1 02969U 67094A   09283.97642179 -.00000307  00000-0  10000-3 0  7509
2 02969 008.5228 313.7058 0016367 180.8380 179.0839 01.00200970 55704
INTELSAT 3-F2
1 03623U 68116A   09275.00027209 -.00000194  00000-0  10000-3 0  1046
2 03623 015.0840 338.6159 0102801 308.7362 050.3675 00.90193923 71011
INTELSAT 3-F3
1 03674U 69011A   09285.46878021 -.00000223  00000-0  10000-3 0  6110
2 03674 019.2268 349.6837 0172566 229.2790 129.2307 00.84931146145783
INTELSAT 3-F4
1 03947U 69045A   09284.20089878 -.00000121 +00000-0 +10000-3 0 01421
2 03947 015.4429 336.1789 0028728 299.3704 060.3572 00.90044128104329
INTELSAT 3-F6
1 04297U 70003A   09284.39029449 -.00000266  00000-0  10000-3 0  8847
2 04297 010.9769 325.2641 0012565 291.5054 068.3241 00.99160513116707
INTELSAT 3-F8
1 04478U 70055A   09285.22836825 -.00000064  00000-0  10000-3 0  3966
2 04478 007.2074 307.2410 0342252 123.5697 239.6296 01.02263801 60571
INTELSAT 4-F2
1 04881U 71006A   09284.28436366 -.00000001 +00000-0 +10000-3 0 06966
2 04881 014.5019 344.3578 0016544 284.5374 075.2889 00.98836592061411
INTELSAT 4-F3
1 05709U 71116A   09285.94011945 -.00000180  00000-0  10000-3 0   720
2 05709 014.8136 354.8071 0014700 300.0359 059.8296 00.99626892 58223
INTELSAT 4-F4
1 05775U 72003A   09285.56492469 -.00000367  00000-0  10000-3 0  6016
2 05775 014.6940 357.1611 0004577 306.1313 053.8454 00.99834558 76580
INTELSAT 4-F5
1 06052U 72041A   09285.64367468 -.00000293  00000-0  10000-3 0  1895
2 06052 014.5615 352.3759 0000825 327.6592 032.3208 01.00094744 60889
INTELSAT 4-F7
1 06796U 73058A   09285.55779271 -.00000312  00000-0  10000-3 0  7638
2 06796 014.9458 358.4541 0004080 009.9202 350.1053 00.99147561 75253
INTELSAT 4-F8
1 07544U 74093A   09285.72538494 -.00000075  00000-0  10000-3 0  6061
2 07544 014.4591 004.0996 0003104 338.7163 021.2689 00.99779409 64476
INTELSAT 4-F1
1 07815U 75042A   09283.24806850 -.00000006  00000-0  10000-3 0  4653
2 07815 014.5744 004.8075 0009715 112.5111 247.6013 00.99258024 61544
INTELSAT 4A-F1
1 08330U 75091A   09286.11970567 -.00000291  00000-0  10000-3 0  6553
2 08330 014.3925 003.9132 0001593 067.1842 292.8362 00.99928276 60600
INTELSAT 4A-F2
1 08620U 76010A   09284.85093222  .00000082  00000-0  10000-3 0  3857
2 08620 014.5129 003.5206 0002985 158.5841 201.4400 00.99686322559940
INTELSAT 4A-F4
1 10024U 77041A   09284.15162806 -.00000219  00000-0  10000-3 0  5946
2 10024 014.3133 008.8894 0009612 107.4994 252.6127 00.99441954 60683
INTELSAT 4A-F3
1 10557U 78002A   09284.14775256 -.00000280  00000-0  10000-3 0  3804
2 10557 014.0597 010.4830 0003114 153.6250 206.3959 00.99908380 60492
INTELSAT 4A-F6
1 10778U 78035A   09284.67227450 -.00000368  00000-0  10000-3 0  4900
2 10778 013.9693 009.9650 0004273 178.9605 181.0482 01.00369713 61165
INTELSAT 502
1 12089U 80098A   09284.33729751  .00000033  00000-0  10000-3 0  2819
2 12089 013.4953 022.5089 0013440 168.3484 191.6788 00.98885212 73473
INTELSAT 501
1 12474U 81050A   09284.35664375  .00000027  00000-0  10000-3 0   156
2 12474 013.7001 020.2967 0005512 152.3834 207.6503 00.98854932 77529
INTELSAT 503
1 12994U 81119A   09284.88314179  .00000085  00000-0  10000-3 0   425
2 12994 013.3265 023.4498 0022088 077.8660 282.3779 00.99468684 66151
INTELSAT 504
1 13083U 82017A   09285.92739645 -.00000015  00000-0  10000-3 0  9308
2 13083 013.3669 023.6290 0033764 060.5498 299.7842 00.99230095 81357
INTELSAT 505
1 13595U 82097A   09284.12097856 -.00000196  00000-0  10000-3 0  9373
2 13595 013.3377 026.7293 0025646 248.7039 111.0259 00.98410211 68137
INTELSAT 506
1 14077U 83047A   09284.67951269 -.00000272  00000-0  10000-3 0  4259
2 14077 012.9470 030.4395 0020142 152.8745 207.2254 00.99165288 63671
INTELSAT 507
1 14421U 83105A   09284.72755696 -.00000254  00000-0  10000-3 0  4664
2 14421 012.9917 028.3722 0005279 266.7291 093.2075 00.99692962 76598
INTELSAT 508
1 14786U 84023A   09284.93023085 -.00000091  00000-0  10000-3 0  3838
2 14786 013.2486 033.3596 0018870 054.7927 305.3588 00.97290069 55979
INTELSAT 510
1 15629U 85025A   09281.08014708 -.00000191 +00000-0 +10000-3 0 04880
2 15629 012.5897 037.4245 0034364 212.8862 146.8980 00.98288460055349
INTELSAT 511
1 15873U 85055A   09283.00641390 +.00000067 +00000-0 +10000-3 0 04411
2 15873 012.2280 037.9792 0011993 282.4358 077.4347 01.00106933063535
INTELSAT 512
1 16101U 85087A   09285.95925375  .00000013  00000-0  10000-3 0  3437
2 16101 011.9925 042.5380 0007782 164.1886 195.8395 00.99115183 69954
NSS 513 (INTELSAT 513)
1 19121U 88040A   09281.22556089  .00000000  00000-0  10000-3 0  1357
2 19121 011.4005 047.3610 0012703 294.1951 065.6830 00.98573037 54494
INTELSAT 515
1 19772U 89006A   09280.67755159  .00000000  00000-0  10000-3 0    77
2 19772 010.3347 053.9632 0019181 312.6118 047.2512 00.99105847 64224
INTELSAT 602
1 20315U 89087A   09282.65863237  .00000034  00000-0  10000-3 0  9591
2 20315 007.1792 064.6643 0000997 145.4819 223.2049 01.00271883 70879
INTELSAT 603
1 20523U 90021A   09284.01026027 -.00000161  00000-0  10000-3 0  5231
2 20523 006.6633 066.2340 0001562 160.8796 136.3851 01.00271332 64635
INTELSAT 604
1 20667U 90056A   09285.33409051 -.00000068  00000-0  10000-3 0  7841
2 20667 006.9587 066.8067 0007908 176.7312 183.3585 00.98433677 73282
INTELSAT 605
1 21653U 91055A   09285.17661384 -.00000219  00000-0  00000+0 0  8303
2 21653 004.7297 071.8891 0002530 173.2507 186.9060 00.99328655 66466
INTELSAT 601
1 21765U 91075A   09282.97694413  .00000122  00000-0  10000-3 0  8467
2 21765 004.7607 070.8283 0000383 150.1164 196.9952 01.00273783 65561
NSS K (INTELSAT K)
1 21989U 92032A   09284.85328290 -.00000074  00000-0  10000-3 0  3265
2 21989 006.7969 068.2305 0092020 199.1936 160.5410 00.97178904 73285
INTELSAT 701
1 22871U 93066A   09284.39416266  .00000043  00000-0  10000-3 0  4204
2 22871 000.0104 191.5218 0002938 027.1206 123.3875 01.00272388 58366
INTELSAT 702
1 23124U 94034A   09280.01822573 +.00000002 +00000-0 +10000-3 0 02785
2 23124 000.0169 312.8325 0002904 243.6872 251.8737 01.00272927070247
INTELSAT 2 (PAS 2)
1 23175U 94040A   09281.45668623 -.00000028  00000-0  10000-3 0  5198
2 23175 000.7344 081.8452 0002681 107.6832 161.2503 01.00273577 55167
NSS 703 (INTELSAT 703)
1 23305U 94064A   09285.68465925  .00000057  00000-0  10000-3 0   183
2 23305 000.1782 080.5859 0002744 096.1558 148.1535 01.00272900 55108
INTELSAT 704
1 23461U 95001A   09285.28636993  .00000070  00000-0  10000-3 0   139
2 23461 000.4162 075.0117 0004955 117.4613 167.5371 00.99178862 54063
INTELSAT 705
1 23528U 95013A   09285.09480644 -.00000295  00000-0  10000-3 0  9189
2 23528 000.0065 175.0312 0003598 032.5608 157.3664 01.00270216 53257
INTELSAT 706
1 23571U 95023A   09279.85807568 +.00000090 +00000-0 +10000-3 0 00030
2 23571 000.0235 252.9315 0003198 304.6438 181.8537 01.00273658052693
INTELSAT 4 (PAS 4)
1 23636U 95040A   09284.21971448 -.00000068  00000-0  10000-3 0   302
2 23636 000.0615 097.5742 0002989 114.6655 318.8263 01.00272713 51936
INTELSAT 3R (PAS 3R)
1 23764U 96002A   09284.65420270 -.00000280  00000-0  10000-3 0  7036
2 23764 000.2083 080.0657 0002737 132.6775 000.1607 01.00271373 50354
INTELSAT 707
1 23816U 96015A   09284.65684438 -.00000296  00000-0  10000-3 0  9068
2 23816 000.0231 323.3218 0003339 248.3428 352.1898 01.00270766 49748
INTELSAT 709
1 23915U 96035A   09285.65811203 -.00000199  00000-0  10000-3 0   134
2 23915 000.0171 136.7089 0003897 072.7599 133.9703 01.00270196 48836
INTELSAT 801
1 24742U 97009A   09285.99003493 -.00000237  00000-0  10000-3 0  6719
2 24742 001.0217 081.0307 0003393 110.1903 155.3937 01.00270364 46257
INTELSAT 802
1 24846U 97031A   09278.62572419  .00000162  00000-0  00000+0 0  8959
2 24846 000.0198 212.8235 0002448 353.1805 066.6301 01.00274420 45023
INTELSAT 5 (PAS 5)
1 24916U 97046A   09281.48477260 -.00000029  00000-0  10000-3 0  8452
2 24916 000.0306 225.9938 0000457 325.8517 168.9411 01.00273243 44514
NSS 5 (INTELSAT 803)
1 24957U 97053A   09282.80594065  .00000066  00000-0  10000-3 0  8567
2 24957 000.0535 077.3546 0003309 134.1479 154.2712 01.00276317 44139
INTELSAT 804
1 25110U 97083A   09279.83992622 -.00000347  00000-0  10000-3 0  6754
2 25110 004.3824 071.6729 0003901 210.3868 149.7758 01.00178071 43299
NSS 806 (INTELSAT 806)
1 25239U 98014A   09285.90413538 -.00000275  00000-0  10000-3 0  4657
2 25239 000.0583 087.3609 0003625 068.6250 150.6386 01.00269605 42649
INTELSAT 805
1 25371U 98037A   09283.36503403 -.00000292  00000-0  10000-3 0  4130
2 25371 000.0483 076.4972 0003398 132.2146 246.3296 01.00271450 41469
INTELSAT 7 (PAS 7)
1 25473U 98052A   09279.94368983 -.00000022  00000-0  10000-3 0  8620
2 25473 000.0174 191.5615 0003005 348.5464 244.0380 01.00273658 40518
INTELSAT 8 (PAS 8)
1 25522U 98065A   09284.64370848 -.00000067  00000-0  10000-3 0  6981
2 25522 000.0207 265.0683 0003141 295.1320 217.9135 01.00272467 40133
INTELSAT 6B (PAS 6B)
1 25585U 98075A   09283.74031433 -.00000291  00000-0  10000-3 0  5039
2 25585 001.5340 078.1879 0017587 017.5973 342.9493 00.99156943 39585
INTELSAT 9 (PAS 9)
1 26451U 00043A   09282.06467949 -.00000286  00000-0  10000-3 0  2917
2 26451 000.0290 118.3265 0003348 105.9352 118.8667 01.00270943 33728
INTELSAT 12 (PAS 12)
1 26590U 00068A   09285.03225299  .00000124  00000-0  10000-3 0  3481
2 26590 000.0167 254.5718 0003015 321.6968 221.1000 01.00271074 32827
INTELSAT 1R (PAS 1R)
1 26608U 00072A   09283.00424397 -.00000279  00000-0  10000-3 0  1010
2 26608 000.0613 013.6382 0003742 242.9920 078.6246 01.00270412 32646
INTELSAT 10 (PAS 10)
1 26766U 01019A   09279.94658008 -.00000020  00000-0  10000-3 0  4593
2 26766 000.0248 258.6219 0000707 339.5147 186.8773 01.00273101 30796
INTELSAT 901
1 26824U 01024A   09282.98996131 -.00000145 +00000-0 +10000-3 0 04738
2 26824 000.0085 176.7257 0003192 014.4136 166.0014 01.00271948030560
INTELSAT 902
1 26900U 01039A   09284.59089814  .00000022  00000-0  10000-3 0  4709
2 26900 000.0191 233.7035 0003372 329.0497 092.3032 01.00271469 29754
INTELSAT 904
1 27380U 02007A   09279.91571514  .00000053  00000-0  00000+0 0  4799
2 27380 000.0203 266.5805 0002892 276.4738 222.3362 01.00275016 27963
INTELSAT 903
1 27403U 02016A   09283.95749172 -.00000247  00000-0  10000-3 0  2644
2 27403 000.0040 090.7512 0003195 122.6864 116.4774 01.00271004 27658
INTELSAT 905
1 27438U 02027A   09281.47057890 -.00000183 +00000-0 +00000-0 0 01013
2 27438 000.0124 235.4586 0003428 329.1698 317.5271 01.00271707026954
INTELSAT 906
1 27513U 02041A   09285.66845447  .00000001  00000-0  10000-3 0  2508
2 27513 000.0362 070.6223 0002855 134.7642 120.7788 01.00271643 26047
INTELSAT 907
1 27683U 03007A   09285.97772301 -.00000216  00000-0  10000-3 0  8304
2 27683 000.0100 277.2195 0002751 287.5560 141.4064 01.00271263 24402
INTELSAT 1002
1 28358U 04022A   09281.23534609 -.00000009  00000-0  10000-3 0  7606
2 28358 000.0286 168.3347 0000896 017.6370 274.8006 01.00273301 19502
INTELSAT 11 (PAS 11)
1 32253U 07044B   09284.65100291 -.00000280  00000-0  10000-3 0  2816
2 32253 000.0209 126.1526 0003598 018.1054 067.4828 01.00270204  7430
